# C I-VII ionisation fractions under collisional ionisation equilibrium. Extracted from CHIANTI database.
#  Temp          C I          C II         C III         C IV          C V          C VI         C VII
3.50000e+03  1.00000e+00  4.07580e-13  4.59423e-46  8.68599e-114  2.15113e-205  0.00000e+00  0.00000e+00
3.79294e+03  1.00000e+00  7.82709e-12  5.02642e-42  2.19786e-104  8.89270e-189  0.00000e+00  0.00000e+00
4.11041e+03  1.00000e+00  1.19842e-10  2.71207e-38  1.06701e-95  1.97022e-173  0.00000e+00  0.00000e+00
4.45444e+03  1.00000e+00  1.48926e-09  7.62007e-35  1.12885e-87  2.93226e-159  0.00000e+00  0.00000e+00
4.82727e+03  1.00000e+00  1.52730e-08  1.17245e-31  2.92768e-80  3.61155e-146  0.00000e+00  0.00000e+00
5.23131e+03  1.00000e+00  1.31286e-07  1.03501e-28  2.07519e-73  4.46322e-134  0.00000e+00  0.00000e+00
5.66916e+03  9.99999e-01  9.59680e-07  5.47319e-26  4.44509e-67  6.61181e-123  0.00000e+00  0.00000e+00
6.14366e+03  9.99994e-01  6.04569e-06  1.80430e-23  3.15716e-61  1.38368e-112  0.00000e+00  0.00000e+00
6.65787e+03  9.99967e-01  3.32287e-05  3.84745e-21  8.10060e-56  4.76021e-103  0.00000e+00  0.00000e+00
7.21512e+03  9.99839e-01  1.61136e-04  5.49070e-19  8.12535e-51  3.09604e-94  0.00000e+00  0.00000e+00
7.81902e+03  9.99304e-01  6.96318e-04  5.41042e-17  3.42575e-46  4.32942e-86  0.00000e+00  0.00000e+00
8.47345e+03  9.97297e-01  2.70336e-03  3.78547e-15  6.48329e-42  1.46394e-78  1.30149e-311  0.00000e+00
9.18267e+03  9.90525e-01  9.47458e-03  1.92464e-13  5.83356e-38  1.32989e-71  1.33059e-286  0.00000e+00
9.95124e+03  9.70097e-01  2.99034e-02  7.21513e-12  2.61174e-34  3.54983e-65  1.62450e-263  0.00000e+00
1.07841e+04  9.16432e-01  8.35680e-02  1.99170e-10  5.97267e-31  2.97685e-59  3.24310e-242  0.00000e+00
1.16868e+04  8.01044e-01  1.98956e-01  3.95030e-09  6.97488e-28  8.14058e-54  1.38068e-222  0.00000e+00
1.26649e+04  6.16097e-01  3.83903e-01  5.42227e-08  4.09276e-25  7.39484e-49  1.57627e-204  0.00000e+00
1.37250e+04  4.10355e-01  5.89645e-01  5.11124e-07  1.22055e-22  2.33028e-44  6.12095e-188  0.00000e+00
1.48737e+04  2.47877e-01  7.52120e-01  3.48008e-06  1.98102e-20  2.80955e-40  1.06684e-172  0.00000e+00
1.61186e+04  1.45996e-01  8.53986e-01  1.84482e-05  1.92060e-18  1.46170e-36  1.11069e-158  4.80663e-312
1.74677e+04  8.84772e-02  9.11442e-01  8.06815e-05  1.20127e-16  3.63423e-33  8.91200e-146  2.89515e-287
1.89297e+04  5.65459e-02  9.43153e-01  3.00973e-04  5.11392e-15  4.66258e-30  6.85131e-134  2.02235e-264
2.05141e+04  3.82513e-02  9.60773e-01  9.75259e-04  1.54071e-13  3.27887e-27  6.10510e-123  2.34905e-243
2.22311e+04  2.71883e-02  9.70033e-01  2.77913e-03  3.39428e-12  1.33193e-24  7.49251e-113  6.26330e-224
2.40918e+04  2.00732e-02  9.72882e-01  7.04494e-03  5.63768e-11  3.28151e-22  1.48538e-103  5.16361e-206
2.61083e+04  1.52079e-02  9.68717e-01  1.60755e-02  7.26739e-10  5.13323e-20  5.51566e-95  1.73409e-189
2.82935e+04  1.16855e-02  9.54928e-01  3.33861e-02  7.46383e-09  5.31552e-18  4.39508e-87  3.05772e-174
3.06616e+04  9.00320e-03  9.27346e-01  6.36509e-02  6.24174e-08  3.77750e-16  8.49958e-80  3.56947e-160
3.32279e+04  6.87678e-03  8.81159e-01  1.11964e-01  4.32112e-07  1.89794e-14  4.45323e-73  3.40449e-147
3.60091e+04  5.14994e-03  8.12795e-01  1.82053e-01  2.50612e-06  6.90617e-13  6.97317e-67  3.21057e-135
3.90230e+04  3.74541e-03  7.22499e-01  2.73744e-01  1.22892e-05  1.85758e-11  3.56642e-61  3.56344e-124
4.22891e+04  2.62921e-03  6.16103e-01  3.81216e-01  5.14278e-05  3.76661e-10  6.47167e-56  5.47125e-114
4.58286e+04  1.77954e-03  5.04018e-01  4.94017e-01  1.85823e-04  5.88129e-09  4.51118e-51  1.35312e-104
4.96644e+04  1.16585e-03  3.97442e-01  6.00804e-01  5.88305e-04  7.23976e-08  1.30494e-46  6.22740e-96
5.38212e+04  7.44640e-04  3.04454e-01  6.93142e-01  1.65890e-03  7.20028e-07  1.68690e-42  6.11048e-88
5.83260e+04  4.67355e-04  2.28469e-01  7.66825e-01  4.23292e-03  5.92244e-06  1.04424e-38  1.45038e-80
6.32078e+04  2.90078e-04  1.69094e-01  8.20669e-01  9.90556e-03  4.11153e-05  3.29521e-35  9.34514e-74
6.84982e+04  1.78647e-04  1.23880e-01  8.54233e-01  2.14635e-02  2.44791e-04  5.59997e-32  1.81292e-67
7.42314e+04  1.09074e-04  8.97821e-02  8.65579e-01  4.32669e-02  1.26327e-03  5.36950e-29  1.16035e-61
8.04444e+04  6.55782e-05  6.39508e-02  8.49313e-01  8.09996e-02  5.67149e-03  3.01389e-26  2.64983e-56
8.71775e+04  3.81888e-05  4.40425e-02  7.94777e-01  1.39145e-01  2.19973e-02  1.01396e-23  2.29681e-51
9.44741e+04  2.08297e-05  2.83636e-02  6.86731e-01  2.12980e-01  7.19043e-02  2.05174e-21  7.85498e-47
1.02381e+05  1.00690e-05  1.61640e-02  5.18982e-01  2.75893e-01  1.88951e-01  2.44481e-19  1.07209e-42
1.10951e+05  4.08042e-06  7.71132e-03  3.24799e-01  2.87099e-01  3.80386e-01  1.67456e-17  5.87418e-39
1.20237e+05  1.38216e-06  3.07084e-03  1.67982e-01  2.40048e-01  5.88898e-01  6.76686e-16  1.36342e-35
1.30301e+05  4.16277e-07  1.08592e-03  7.64272e-02  1.72032e-01  7.50454e-01  1.76248e-14  1.50250e-32
1.41206e+05  1.20053e-07  3.67247e-04  3.29639e-02  1.14098e-01  8.52571e-01  3.26565e-13  8.88398e-30
1.53025e+05  3.48301e-08  1.24790e-04  1.41687e-02  7.37531e-02  9.11953e-01  4.62606e-12  3.09571e-27
1.65833e+05  1.04190e-08  4.36692e-05  6.22463e-03  4.77329e-02  9.45999e-01  5.24418e-11  6.78939e-25
1.79713e+05  3.24679e-09  1.59004e-05  2.82554e-03  3.13159e-02  9.65843e-01  4.90048e-10  9.83433e-23
1.94755e+05  1.05740e-09  6.04352e-06  1.33022e-03  2.09341e-02  9.77730e-01  3.85518e-09  9.77434e-21
2.11055e+05  3.59929e-10  2.39802e-06  6.49796e-04  1.42836e-02  9.85064e-01  2.59552e-08  6.88409e-19
2.28720e+05  1.27880e-10  9.92004e-07  3.29013e-04  9.94903e-03  9.89721e-01  1.51605e-07  3.53418e-17
2.47864e+05  4.73342e-11  4.27016e-07  1.72397e-04  7.07047e-03  9.92756e-01  7.77446e-07  1.35647e-15
2.68610e+05  1.82160e-11  1.90882e-07  9.33188e-05  5.12286e-03  9.94780e-01  3.53731e-06  3.98274e-14
2.91092e+05  7.27416e-12  8.84331e-08  5.20994e-05  3.78158e-03  9.96152e-01  1.44161e-05  9.13491e-13
3.15456e+05  3.00928e-12  4.23926e-08  2.99629e-05  2.84288e-03  9.97074e-01  5.30789e-05  1.66837e-11
3.41859e+05  1.28853e-12  2.10081e-08  1.77389e-05  2.17676e-03  9.97628e-01  1.77927e-04  2.46904e-10
3.70472e+05  5.70963e-13  1.07605e-08  1.08113e-05  1.69883e-03  9.97744e-01  5.46711e-04  3.00795e-09
4.01480e+05  2.61973e-13  5.70000e-09  6.78849e-06  1.35326e-03  9.97091e-01  1.54866e-03  3.05922e-08
4.35083e+05  1.24593e-13  3.12583e-09  4.39684e-06  1.10225e-03  9.94831e-01  4.06177e-03  2.62880e-07
4.71499e+05  6.14642e-14  1.77584e-09  2.94009e-06  9.19285e-04  9.89188e-01  9.88773e-03  1.92682e-06
5.10963e+05  3.14208e-14  1.04415e-09  2.02811e-06  7.84777e-04  9.76864e-01  2.23374e-02  1.21235e-05
5.53729e+05  1.65742e-14  6.32698e-10  1.43734e-06  6.83225e-04  9.52578e-01  4.66713e-02  6.56538e-05
6.00075e+05  8.94188e-15  3.91618e-10  1.03746e-06  6.01531e-04  9.09507e-01  8.95851e-02  3.05658e-04
6.50301e+05  4.87000e-15  2.44392e-10  7.52743e-07  5.28831e-04  8.41639e-01  1.56612e-01  1.21904e-03
7.04730e+05  2.64048e-15  1.51642e-10  5.41451e-07  4.57923e-04  7.47882e-01  2.47506e-01  4.15360e-03
7.63715e+05  1.40918e-15  9.24997e-11  3.81809e-07  3.86291e-04  6.34810e-01  3.52691e-01  1.21124e-02
8.27636e+05  7.35210e-16  5.50909e-11  2.62185e-07  3.15404e-04  5.14499e-01  4.54729e-01  3.04567e-02
8.96908e+05  3.73216e-16  3.18851e-11  1.74526e-07  2.48220e-04  3.98892e-01  5.34122e-01  6.67385e-02
9.71978e+05  1.83574e-16  1.78593e-11  1.12167e-07  1.87539e-04  2.95972e-01  5.75156e-01  1.28685e-01
1.05333e+06  8.70066e-17  9.62730e-12  6.92282e-08  1.35320e-04  2.09755e-01  5.70164e-01  2.19945e-01
1.14149e+06  3.95529e-17  4.97172e-12  4.08476e-08  9.28531e-05  1.41742e-01  5.22546e-01  3.35620e-01
1.23703e+06  1.72525e-17  2.46060e-12  2.30538e-08  6.06385e-05  9.15587e-02  4.46278e-01  4.62103e-01
1.34057e+06  7.25788e-18  1.17315e-12  1.25115e-08  3.79156e-05  5.70124e-02  3.59850e-01  5.83100e-01
1.45277e+06  2.98257e-18  5.45743e-13  6.61429e-09  2.29896e-05  3.46469e-02  2.78429e-01  6.86901e-01
1.57437e+06  1.21229e-18  2.50822e-13  3.44915e-09  1.36918e-05  2.08126e-02  2.10033e-01  7.69141e-01
1.70614e+06  4.92371e-19  1.15062e-13  1.79252e-09  8.09474e-06  1.24900e-02  1.56501e-01  8.31001e-01
1.84894e+06  2.01297e-19  5.30741e-14  9.35297e-10  4.78734e-06  7.54481e-03  1.16287e-01  8.76164e-01
2.00370e+06  8.32140e-20  2.47276e-14  4.92215e-10  2.84654e-06  4.60964e-03  8.67096e-02  9.08678e-01
2.17140e+06  3.47679e-20  1.16318e-14  2.61164e-10  1.70259e-06  2.85618e-03  6.51343e-02  9.32008e-01
2.35315e+06  1.47415e-20  5.54689e-15  1.40286e-10  1.02817e-06  1.79700e-03  4.93983e-02  9.48804e-01
2.55010e+06  6.34767e-21  2.68367e-15  7.63495e-11  6.27538e-07  1.14843e-03  3.78661e-02  9.60985e-01
2.76354e+06  2.77552e-21  1.31717e-15  4.20977e-11  3.87184e-07  7.45360e-04  2.93493e-02  9.69905e-01
2.99484e+06  1.23185e-21  6.55579e-16  2.35082e-11  2.41459e-07  4.91048e-04  2.30005e-02  9.76508e-01
3.24551e+06  5.54653e-22  3.30719e-16  1.32886e-11  1.52162e-07  3.28178e-04  1.82197e-02  9.81452e-01
3.51715e+06  2.53197e-22  1.68996e-16  7.59983e-12  9.68597e-08  2.22340e-04  1.45821e-02  9.85195e-01
3.81153e+06  1.16996e-22  8.73355e-17  4.39079e-12  6.22295e-08  1.52591e-04  1.17855e-02  9.88062e-01
4.13055e+06  5.45418e-23  4.54971e-17  2.55459e-12  4.02389e-08  1.06004e-04  9.61348e-03  9.90280e-01
4.47627e+06  2.57208e-23  2.39560e-17  1.50085e-12  2.62471e-08  7.44871e-05  7.90996e-03  9.92016e-01
4.85092e+06  1.22620e-23  1.27415e-17  8.89933e-13  1.72629e-08  5.29053e-05  6.56126e-03  9.93386e-01
5.25694e+06  5.90620e-24  6.84154e-18  5.32298e-13  1.14435e-08  3.79563e-05  5.48383e-03  9.94478e-01
5.69693e+06  2.87262e-24  3.70667e-18  3.21014e-13  7.64271e-09  2.74893e-05  4.61573e-03  9.95357e-01
6.17376e+06  1.41012e-24  2.02536e-18  1.95111e-13  5.14075e-09  2.00860e-05  3.91060e-03  9.96069e-01
6.69049e+06  6.98291e-25  1.11561e-18  1.19468e-13  3.48135e-09  1.47993e-05  3.33343e-03  9.96652e-01
7.25047e+06  3.48684e-25  6.19212e-19  7.36686e-14  2.37290e-09  1.09899e-05  2.85755e-03  9.97131e-01
7.85733e+06  1.75498e-25  3.46196e-19  4.57327e-14  1.62740e-09  8.22153e-06  2.46249e-03  9.97529e-01
8.51497e+06  8.90029e-26  1.94900e-19  2.85723e-14  1.12272e-09  6.19332e-06  2.13237e-03  9.97861e-01
9.22766e+06  4.54563e-26  1.10430e-19  1.79564e-14  7.78901e-10  4.69597e-06  1.85483e-03  9.98140e-01
1.00000e+07  2.33101e-26  6.27850e-20  1.13177e-14  5.42112e-10  3.58250e-06  1.62013e-03  9.98376e-01
